"ID";"Pain";"Disability";"Radiation";"Tampascale"
1;9;20;0;39
2;6;14;1;44
3;6;11;1;43
4;7;22;1;46
5;6;11;1;43
6;7;10;0;45
7;2;11;0;34
8;9;14;0;50
9;3;12;0;30
10;7;14;1;45
11;5;14;0;31
12;6;8;0;42
13;2;7;0;31
14;6;9;0;43
15;6;9;0;43
16;0;4;1;33
17;5;8;1;33
18;7;17;0;46
19;5;13;0;34
20;5;8;0;35
21;10;14;1;31
22;3;9;0;35
23;5;6;0;35
24;5;11;0;37
25;10;18;1;28
26;4;8;0;37
27;8;21;1;49
28;10;20;1;28
29;2;10;0;37
30;5;16;0;38
31;4;7;0;38
32;3;8;0;39
33;5;10;1;39
34;5;10;0;40
35;5;10;1;40
36;7;13;0;45
37;3;12;0;40
38;4;12;1;40
39;5;16;0;40
40;7;18;1;46
41;3;11;0;41
42;1;2;0;41
43;9;12;0;48
44;4;5;1;41
45;4;5;0;41
46;5;15;0;42
47;4;13;1;42
48;3;9;0;42
49;1;12;0;42
50;2;6;0;42
